63.00282029725399
55.14855081199329
55.37092710193268
80.59081600287094
56.17729446192105
78.22860519095977
86.436354431347
118.6702045095956
43.99651649582768
32.611031762882135
51.64781072593756
40.920205618027836
44.59707546974519
96.75731924367831
56.0136925097264
49.46349547106919
44.127544695374375
79.32808993345887
70.55717976192935
48.146733402085154
41.558281604081934
70.14533660399837
70.13062312211345
68.67870669908497
44.691680035062596
42.57284066379245
39.63705453061995
31.878897522827142
44.32487252987773
66.29216532084874
80.89590312818054
34.244711857369666
38.064356479086634
53.98797138328256
30.959321357938585
61.49358440964246
45.03088230926578
42.84697909660666
45.50836813366318
63.47509271836278
80.44149844754166
39.2093241292688
60.18173000241361
37.83874470156262
39.63486973840926
76.93375563225108
82.16773466108845
57.81348079100387
56.24392435168985
38.944536543548786
36.21254788373199
40.196234288870826
48.116676638817886
41.23746544800488
63.96644246565827
62.024857192664435
36.72201580178186
72.51832292281996
53.79286066282429
51.913154321464475
68.20030062631139
59.76249624657771
55.05399296569554
31.88413846503378
68.51037852756846
51.31215256618141
47.975901501993825
45.397704696627585
41.521749959500596
54.25500216139928
96.83657566354658
46.79132140396991
112.29439913320905
35.59875389200462
73.10363214057125
48.863650607931774
76.71780643954114
61.220485376103575
59.783382225914856
37.067410262479164
56.36969919045168
42.48507599952273
63.90135676649887
35.144235520231334
52.469625550121734
90.06789210816305
48.37875715795903
52.79072404770337
63.32127579088163
47.353762980052146
50.77705802227161
59.287152617520306
67.17630339442053
35.07975918213503
53.61061864692653
33.766221614625394
54.15252634635558
69.71453169728656
43.87086019444729
70.2448034194215
42.097712104031814
56.94995428488279
49.950310264518244
73.87410532667484
50.83012592711072
66.94619965364203
74.82355966679839
54.64405808233107
38.572626650874184
47.48085217868559
66.21057001444878
46.962453028008866
40.816946259242336
56.952910001505884
50.991078629864624
41.076117898027015
54.546054809247735
84.94774663616155
41.97056547692124
51.987694304778636
67.42719825666853
63.01583364727136
78.782816247417
51.04471864835737
61.22455477060483
66.22853362627474
52.38700967259298
53.0789178976158
26.696382561847106
32.88890957313482
49.8308726041517
34.497682516290176
85.16630838421153
65.1103073763707
46.09502884516686
51.80125182997037
104.9297272881293
44.64660143312116
108.40283584945591
78.95886986921599
86.75677497461673
26.639356331534696
87.15594043684555
84.46876139457385
58.52438465152488
45.20734565497206
53.332546198976516
51.26955773348604
68.37992496428437
64.12002101965643
47.62398223107377
53.38972477842292
48.39222252143216
39.7401003350622
59.88038678299104
44.698528599951466
32.345008288042024
29.59079159987964
47.79458848630452
42.30327899536718
62.58042938498288
44.795000708195055
75.27467257358514
47.341354775707806
72.20749919272704
46.30117510399131
40.9588947136488
35.67731069369901
40.18463133608976
31.951974601651255
49.15774059777688
57.431807327002545
60.16082940189749
49.90538856977885
55.63822475066172
70.06735026721913
60.551264849693524
82.58632345310174
73.54585672928836
67.273293556915
51.710464513107695
37.85811077137909
50.1083211810519
34.288827463651195
65.42389440585471
38.56857159158595
50.363434610179816
69.37856119499735
39.45342388335688
46.377578841091136
44.61915752904752
87.61463186553095
91.1353714665855
90.34986652758363
56.91643179927375
47.436598855245244
63.595217981707655
48.78612913942427
32.08370984005021
48.40864366131087
88.76290267253289
67.45347800096971
73.76348600711478
33.37252069859667
83.44974590064287
54.20110770047156
32.23468161844721
52.81132728026141
48.90766325922024
27.43185385012871
56.50724265488008
38.53481361865485
52.48104678600182
44.4233351077868
100.95613016266718
42.58875766169427
29.944121015278487
32.471280949985065
63.681567182307674
40.19408727843047
40.46173282367334
38.013900780717144
62.46205726505468
91.08324896566448
44.45559671254855
24.989569555538665
40.64902107487698
53.95723993644153
38.04410548606829
48.44403934756325
65.53287083598454
53.3505432325501
42.60132904370386
60.669792438859
88.28519947719978
52.561692940446896
35.926025776394845
54.50958429229931
50.65973831379587
33.327629504600864
49.99065542566742
68.43349412419545
63.338536772807565
149.94381978137193
57.63070460659802
65.6746787160858
49.541022977647394
73.35225930418761
33.429868344006465
61.240082851861146
104.31205574253981
57.10249309217814
80.58414882080568
39.7416767830045
71.89964057695373
67.17351624867739
81.82466924260457
101.84911991143164
130.63664644551807
85.53378097367589
61.165426794567594
23.70097964176263
75.87744619249492
33.619459447313
54.65359663917469
57.200135400706955
67.42947609833759
87.07766905923631
45.0827653657877
63.734780471363706
52.93046682591717
60.554388035445776
40.06895218409355
43.58725102867425
59.034730479193406
53.22497419269875
32.47001048852059
68.17998832992487
63.802434183199885
50.88010805866883
60.65925663879107
29.7214784257676
47.27111149109529
40.665773915104644
39.47242836852653
52.155102315962665
52.888041565583926
40.892133862959525
29.09254905489965
68.44270633135974
61.69964119907237
38.51177671537446
39.35205226605554
42.5154232624056
91.1767344945602
49.6944031198146
47.18039148874209
53.51083505993486
34.528588292739514
71.9671190966395
51.90023153288997
42.4227529474723
86.32621900062853
108.34216246988929
72.66085573456454
87.69866410725787
143.22479725803882
62.3789695275037
45.889705553094146
80.03622870043627
45.678443506850904
71.45926896745432
58.95744798001511
76.45745346742379
63.607870751146265
57.60247505410527
78.53607879365418
30.79442855239964
49.966707741402914
78.21703212982642
47.06131113108617
69.03185792400454
48.86458593429241
63.73793090940647
49.11205216182649
57.798508147661025
41.8036280250781
35.867991195663755
35.87480713669726
48.525654435547764
34.93415806092528
56.44893885232623
67.29159890180962
75.28200990098642
54.941170053203265
44.43082684339966
52.634799723405294
32.05640774727165
33.43912998061989
52.53709417959115
58.696355677164256
57.40777940005913
40.824599304533436
45.62320942637492
71.57982782594623
63.018012231806544
64.00084186069834
86.90928754808924
57.823662311553484
43.33904204452452
50.06021105180485
46.139090033846166
41.36952338052468
36.16650567897029
59.570147108131756
68.29907638350723
35.454879448397676
91.20444509498522
58.34189999891036
80.90545108882576
37.56619612400205
47.16371020947843
64.79793352201246
51.861203065699726
34.67943989733592
39.45088448799809
88.47774134990924
88.73866422122582
71.82793604493214
57.288310801853584
51.06143368305744
60.57830491041257
58.12821081563144
77.09107908417003
123.20386528196175
39.19386298982074
49.82878327220086
42.29502590822469
39.17913175138081
52.58278412001651
36.32803338322073
43.84506802867889
63.30789427945676
45.7713349518622
45.6922451640867
43.56334527361499
57.039724411712996
36.04809032029438
37.602487602872344
35.094018926127575
37.33963773842695
51.088936385107985
78.21494143601795
45.81605514868492
45.34868584453082
40.97338682160089
84.25061972596654
43.859870477864895
40.2702879012694
59.112780313135595
57.841866306135515
27.616772731397415
42.13346879703806
43.609395793715024
71.72377507979103
53.28599217967271
38.627022574001316
50.04797707863456
49.533641186852314
67.34416847340542
77.20385020222217
50.3932463013517
40.92822218612064
84.99664043578773
70.25436678282311
74.59197103315975
50.54968767277875
53.31051097790433
31.46816314279223
42.02428466499811
84.13773823909493
67.82255549753994
75.49100599653978
75.85983441558368
49.990692876677294
48.94426537098306
31.586290669269925
30.508478649482246
57.949117397151035
54.25729176043757
60.24549364168502
57.3819173918014
38.1170492029507
45.083864955737454
52.19071860909833
56.77090333171506
45.659158066588915
51.005450835700685
64.92947890755308
68.20417274001416
74.73990707788472
48.58714482874017
50.709561782777264
41.951568562986274
53.99074912692232
52.77617778108544
66.60096887463233
51.32704600332695
54.64621927219306
57.419687628609985
68.3557918731711
54.64097992685984
68.46730368167565
45.30814086048615
40.85137620580107
44.31104632612044
58.378093514034035
64.26541604307664
39.692465753735945
53.4872732996314
25.42840356079645
61.051873928073555
68.98937045633218
36.675265644232994
54.21222390739572
53.969536058565524
60.00222383882812
50.35267890904029
59.05242697191939
48.58866977625971
46.609100369640664
37.80110886506795
44.49149328334691
47.08393805080853
57.022595540982955
49.387667233956485
35.54107780658248
38.88464429828936
37.43607443418019
27.910695421707754
48.4843472360869
55.68060640064899
49.781976796423116
76.10456146476963
42.5224837171228
55.238773114828206
46.93987775427704
27.97953762769598
35.57813840297736
36.7742901251018
36.89767107956266
27.80813860264866
51.58600990838488
33.98110095268108
56.56190303523327
64.90061311739431
47.567503858590676
46.73487958964786
37.3822823416505
40.76226810563241
50.594745808861504
52.67578840137877
42.93726110698454
50.90526035956141
56.31051614748136
59.57303455961096
48.17952052853944
74.57490486028004
62.76371221236068
37.00047396641378
63.197813419726835
20.985062867523332
23.90934760569975
41.70705949290944
60.101367138049156
59.724775318678276
59.076029824821426
58.18472931625364
66.92532183145657
85.56460798619224
86.5388621986817
84.5504244289379
63.628749035239586
40.644790429304095
59.75279801946386
65.48859823699472
90.44398844606239
50.76514574373006
51.276121129400565
90.89181996047644
71.91381769409922
91.78525048968572
64.30420969796067
55.636241865549216
68.91980841234177
53.818993278164065
36.26563660157995
45.632097009336334
64.5787219605428
36.36061056945048
75.47154204068607
78.38478654777687
80.19687982658034
31.96449303487998
69.30680754712714
57.105021077014676
49.054346516724145
47.37417159694319
47.297418236721164
60.02050138783293
50.96573307567213
28.136411310533678
64.86868590616787
59.10076772437704
51.47659876979788
36.94522256170067
56.541878600561745
41.216723887479894
62.087036857628256
40.63510093200298
48.341061941619664
29.362380763216354
121.8042381647972
76.8200615132767
84.61483697933107
33.382138677046
77.12263038759315
42.9961576126971
43.38374063253561
40.81255798073685
51.00735834484241
61.91080106834182
79.8085335300742
69.91950166243349
80.35182294736258
40.15090415576493
65.89413534718783
85.55731776495413
48.41186292713054
31.64228770352766
54.84024359354146
50.737228906272094
37.14357783405168
62.354164198229455
89.53647956621573
45.36289265042969
69.31527318138494
79.35829106351079
75.71580231304483
41.62894803130979
70.36869335568808
43.06310548428533
43.931127475220876
43.2498500190242
53.89011609255546
66.42063460966659
71.02415162704165
51.75857657107965
51.590042525714985
42.46664404064973
56.8747780017971
53.67153667262843
51.76718067127142
61.25939826439985
45.636642256099414
128.47096475620936
53.14514945882984
65.48042523645567
39.36326349215262
55.65523994162429
52.98726864452015
62.21755511658129
80.79517852130414
50.82940015318746
52.72085991368944
50.58457500163464
62.52842637110103
43.853643265669724
27.14489677373674
27.592539354511903
54.361058935963406
69.75574410275861
37.377798804324065
36.566540927713504
67.72054993682185
37.81889177045505
44.49157192113886
54.52306543108465
64.9149848255054
68.59185127612854
86.93660544271853
44.43292576077155
52.582073755011336
48.84596462249241
59.58708685399978
45.34125151967953
42.406580211264114
51.577017856197614
45.56125969714635
54.87803668684249
54.450108773565894
40.11973097620593
74.2902448518082
53.49584014809515
46.67657110745122
62.4668449627916
61.12786030867981
63.13245633123433
37.51270015131086
56.360162596488465
43.28319035578529
62.029347027739846
68.93619168084615
49.61519137646975
93.79869680609319
31.932894251913403
70.66576963087734
61.85993225462231
49.329669332581176
149.2247715731016
60.12929940738418
48.27706701146809
35.24002590368079
69.87632187911278
52.62220437889618
47.13820835931433
113.43338791118298
49.00392254442972
76.29334627106275
44.411140024411225
45.40636700893757
47.247010228157784
71.10446955530396
61.772288099167014
93.81674219425908
101.98454061269484
89.65489842334985
74.238097781915
63.54410176947387
59.25236017601685
53.628344539609024
35.27927037529555
50.08845046303123
45.77742869183791
56.02967294533008
76.00392489778449
30.313936655849723
49.40012447326538
51.99726066393343
55.30625678685052
42.81240051884374
25.95112833571273
48.34485319472177
69.5692338417799
55.78632721088086
62.29616544246132
49.00821902612041
37.133335774165474
41.69740367640334
30.48090325686995
57.736797567423494
60.45508217635749
90.36285328407342
40.20555053790216
42.800582975557866
54.30816189683028
48.221527403268304
47.87006813623129
87.17896725529218
78.73176942386165
41.97687433454681
54.73982992573668
62.02488239915208
56.129776884008685
44.44885723741534
50.27049641208085
48.59918839027947
45.60571584606215
51.34317819175432
30.696407102701748
43.85498177323623
51.99292326646175
48.08294037855975
43.32792754164931
85.82382998240077
80.03437282161653
32.90175067952295
38.517420679704344
34.103588576037104
77.85979897752371
46.212279333471564
60.202741211451034
37.39049041753302
55.21514807659595
36.33970574081359
46.39933518188814
58.55454933642231
81.44213859245266
64.28179045032505
54.827377193327315
50.440008831203976
120.7773900985765
97.69146719207555
71.47551274753208
126.85347251279575
69.03888874004558
53.3207485183352
75.88830103962412
124.78879277485058
56.48992306228493
54.77986605986851
42.361384797611095
64.55738173771421
58.439575752993804
69.96749203669097
44.448643171952625
54.72134865411628
42.631578769283585
46.0346618489416
47.53443947727626
54.05015571220857
53.47257247446448
29.368606755868413
24.479070950613952
74.66309652042038
60.363273190726886
46.787601774994776
50.33192156713541
74.96304951224843
37.35767302233414
66.05872949502664
34.24772956162675
46.84188830526253
43.4913665570986
46.440196641273694
53.80075369216599
40.87044109154087
75.82504441307579
79.81041281173663
30.129723920207304
50.84016404278994
90.10331920699781
40.21561079984376
43.43598902294713
60.35396892916299
58.57648373809577
37.176473630187914
42.2698842966878
35.93302765614519
54.300111521602204
58.82703428005765
60.48022287589574
38.75539693875504
86.8513186268606
73.28075155420878
42.70405681307422
39.33995404866974
68.17235964952238
25.88625419943842
84.71293039129047
63.39844699300387
36.775428657349785
93.09926352488911
78.57105769718665
70.89008236962933
53.06277450358413
51.791350857220344
31.06721722609496
37.05948979837408
46.64642679948828
56.07794180386461
66.828223108569
49.043328331233326
37.81948610560629
59.50905445852845
75.20706623842638
37.29493514155588
53.59522874723986
55.57898307807234
51.33017793520733
48.51085757659804
44.038723729965334
42.54281305281896
32.39362194863481
39.29667249952557
23.407036063690324
41.327355908382145
27.759029386727175
38.96556297254059
38.54564455748642
63.05086129758337
42.73228043855871
28.28252019889627
24.791312869137517
47.83456310725057
51.5186411115916
34.11886353519161
40.46666931178261
20.286914473169087
79.69650745161867
61.29359628396569
49.248519759797226
43.472678989184125
56.13785134795079
32.82176186582563
37.82802529503281
58.088700627007896
65.7523090805663
54.97432696900208
51.57587906404085
32.35857884956278
41.21870650240344
48.543588456474325
53.83404543716269
51.57445992831703
64.0275861464634
53.896431938964724
75.37037143380621
52.587394099760765
69.08518876483119
42.700934237743716
54.55492892488276
49.227259597508784
63.38634567559306
54.35613165921926
74.60667695955607
66.41104533170196
89.96748366640855
51.18121713434067
43.57830619197305
44.00515914196507
36.32011362211166
41.80197076273115
48.7962357764259
52.515889094557345
60.55974426319217
54.48447312818161
54.38270791504085
54.47219348434988
51.719936360701084
36.89865147587995
32.78111037820607
30.665183930978785
54.09313695832169
71.26929574886485
77.9562592909744
56.016854658727226
32.45153720327029
30.88941631155739
71.69318723734021
37.17833798477825
101.28324010688922
34.48569470977823
24.756200612898233
85.23797602933524
69.363765325421
40.85403735770541
48.234353632767004
63.307400747018185
35.702438490787806
57.570381275266236
83.48878075353237
47.55459632666389
50.258772448564656
67.69442279868969
31.954625643972342
67.17451046113385
33.19565489055141
56.68192442556361
38.256512440299424
57.81904293057655
54.17110471813094
48.31924940637735
58.18202160042249
34.12410306406328
38.47539740944342
85.06759736150747
37.988251357685144
47.924374060538916
40.98782642234932
39.751969262125314
63.87597568486636
46.79592750105513
48.28417681104747
75.10913029530518
41.5791795177082
40.53156159534974
40.50458799760556
35.43247884684246
37.77556910720496
55.73178768742168
27.107552757134158
56.29313502752935
29.362239642358205
52.92690491002672
44.56508122363122
37.987558025705674
27.88947743407131
20.0654277909524
26.6463393641809
32.38442515516119
26.434181167026818
50.56826449027236
40.77102619239824
59.803137462655904
47.654981665338326
64.38035472408384
40.32931705720753
60.218563217966974
56.76735762003301
70.56986353354894
45.33674773574736
89.92822352210744
48.188314599174326
92.26842928368777
134.68160411238955
63.41453000341952
33.089794250869154
63.36175353871933
62.75363669332214
97.21545388737376
56.80578413753625
77.7320440205523
53.39195255446216
46.42783756921214
35.90130979477047
49.54456927120752
81.96080759604871
73.35357716307823
43.07069924378392
58.85038266568365
43.59723003592283
71.32143456867085
29.998937209934404
45.72483054133585
73.95624773145042
38.726652489033064
75.66149002743468
40.83378648681506
51.81515353098347
78.16573417320696
75.11082896800578
85.15948700059683
47.64125132258972
62.03871656142463
70.47375704149432
56.39469676363375
67.57249953099065
82.14309351881667
62.29490392600916
38.01773733980309
62.15614050213466
98.69750859729086
73.41944953776972
45.930920291578595
55.94899651142197
55.778705060504485
62.735727506268994
50.384315248286015
77.52077973581544
42.786395415065606
66.80814144201847
118.53472193237525
61.73799447621753
66.04457193006515
97.24851968102212
41.474998055936524
39.00505933565924
46.78635613037723
45.05838148514258
47.296170123175195
52.97414197853091
34.12861466704786
66.45317909904985
32.47582975609364
92.70841580116635
56.034202194441185
34.603144244345025
51.21797711364397
67.2500125015203
60.634711155813314
32.099550037601304
25.23943982677379
33.86139243256224
39.06571877043153
55.28369946386571
53.722314483486585
44.88668652461133
71.7284668318932
49.80609398283677
67.41185330191638
42.81255716406565
39.675148859921435
71.41664752029982
51.818393739618976
48.45214297866119
48.28245648706909
94.1605000599257
56.998121334551335
34.83201553901898
74.22104694997635
91.45543780195939
67.10213682045031
76.02454075724594
78.69805442892803
71.61360310201012
98.08424925562647
65.87580819284925
66.41927564183037
46.98187156470103
63.17684186794171
38.80058349878494
40.292792352429075
39.78125516225278
45.18176070380766
42.87587071534705
30.638641509393608
37.75981513595923
66.79355825617384
41.61903038250088
36.41690521835315
68.33224679880404
50.35081871942443
46.439311560843635
49.69106402001791
41.52542203151507
63.148727311920766
38.59873212442613
45.57634151630943
59.26296955472229
50.75884245496534
36.22533582254384
46.10388568553914
55.1712750154022
69.71389991556549
56.58171654722651
49.58418279553238
52.70268010770464
50.15111980164094
21.717509637156937
50.88990290529072
34.521715486111546
70.27408378247979
54.36323802621097
117.01109832062834
75.3977496949867
54.43544338459779
77.87671171168476
56.22007203206941
58.14768067216028
44.119382945135364
67.21736702477854
41.536888934204114
31.857536921505165
46.58497224220191
48.61292039537732
35.00021808622835
60.22143491276753
62.20878993089102
50.681915148274825
67.09598886210212
36.29716795989109
75.15042008165636
49.17842648279282
49.220357289013116
46.5438371261366
52.69165406566981
65.77999788810432
31.25789586188631
65.9971367183153
35.20010694852861
75.96284511618842
46.550153943875685
32.44022898595563
55.525574581192565
73.93716410427162
42.43892898296468
38.759078789627864
61.3661196220796
174.0055834130747
102.85234628718389
44.41691243069992
38.351284232044
58.67707355210264
69.83550084109112
37.88021713729246
48.14540111141327
50.94842979212822
71.71962691888167
58.8479451239233
44.51966451237677
53.71354016968776
32.37248838511839
37.49980217094848
49.99532979658564
50.09354067944737
33.492703433786126
61.34909316043718
105.42972406537255
62.612943640993
35.15669121130099
50.940205229893635
66.55164977818396
48.0069605845067
45.05142557947042
66.89607742000136
44.30101996750935
47.03932508563042
97.71876910910659
27.1272679020886
45.40609748210459
48.254468522750074
50.384333664361115
51.34525084072595
34.32144603670977
55.93034281128277
70.95889680295461
44.67711467092032
42.93327912374084
63.005550590503184
29.333179425891295
54.152445325484216
37.79192193897602
45.66587625308508
59.922021959517245
39.74160741165942
55.02683507995032
41.91715212030851
40.695894664395865
56.31734182661995
60.02125724268285
83.08441592485107
72.2104406530551
36.19308458607023
56.03374292898308
35.98417986571577
48.955514094294536
36.50602012856118
35.33558480719548
49.147328057660715
48.34913001068411
30.00898739501296
42.20549832078919
48.859932277496
72.66935079514072
36.671837419766106
27.057523535680186
64.27844570725622
36.052078177568085
23.10531844494204
52.71914732326197
53.19079741851334
77.74717002222738
40.492182638624826
38.299697990727566
50.1536853964039
136.15430950159424
54.19583150043629
94.33587748400058
76.96191907231594
68.86179856301179
83.59287256692808
58.897524610359355
92.53907714369964
61.691341192246
75.06841187566016
74.80249582655878
49.98847265127892
45.320253903870984
52.52534057873224
32.51136604815789
41.07989932750955
45.92269571844564
30.495876657545846
44.34958472496684
72.24205751962565
60.874960918268556
63.573185742555644
34.721353140803004
63.308452397712074
62.66438050151661
79.83920784810738
47.634011293215444
43.32574810190283
34.53131619020993
41.58745844272427
68.1831009013742
52.240324843565006
48.999290674997376
48.30512399184894
50.406695967099786
40.41968689934656
28.913581193135784
46.94440626144545
76.94161980045291
48.97934440490802
58.3850636226186
60.540172590397376
52.53225841696367
